0.0;
0.2;
0.4;
0.6;
0.8;
1.0;
1.2;
1.4;
1.6;
1.8;
2.0;
2.2;
2.4;
2.6;
2.8;
3.0;
3.2;
3.4;
3.6;
3.8;
4.0;
4.2;
4.4;
4.6;
4.8;
5.0;
5.2;
5.4;
5.6;
5.8;
6.0;
6.2;
6.4;
6.6;
6.8;
7.0;
7.2;
7.4;
7.6;
7.8;
8.0;
8.2;
8.4;
8.6;
8.8;
9.0;
9.2;
9.4;
9.6;
9.8;
10.0;
10.1;
10.2;
10.3;
10.4;
10.5;
10.6;
10.7;
10.8;
10.9;
11.0;
11.1;
11.2;
11.3;
11.4;
11.5;
11.6;
11.7;
11.8;
11.9;
12.0;
12.1;
12.2;
12.3;
12.4;
12.5;
12.6;
12.7;
12.8;
12.9;
13.0;
13.1;
13.2;
13.3;
13.4;
13.5;
13.6;
13.7;
13.8;
13.9;
14.0;
14.1;
14.2;
14.3;
14.4;
14.5;
14.6;
14.7;
14.8;
14.9;
15.0;
15.1;
15.2;
15.3;
15.4;
15.5;
15.6;
15.7;
15.8;
15.9;
16.0;
16.1;
16.2;
16.3;
16.4;
16.5;
16.6;
16.7;
16.8;
16.9;
17.0;
17.1;
17.2;
17.3;
17.4;
17.5;
17.6;
17.7;
17.8;
17.9;
18.0;
18.1;
18.2;
18.3;
18.4;
18.5;
18.6;
18.7;
18.8;
18.9;
19.0;
19.1;
19.2;
19.3;
19.4;
19.5;
19.6;
19.7;
19.8;
19.9;
20.0;
20.05;
20.1;
20.15;
20.2;
20.25;
20.3;
20.35;
20.4;
20.45;
20.5;
20.55;
20.6;
20.65;
20.7;
20.75;
20.8;
20.85;
20.9;
20.95;
21.0;
21.05;
21.1;
21.15;
21.2;
21.25;
21.3;
21.35;
21.4;
21.45;
21.5;
21.55;
21.6;
21.65;
21.7;
21.75;
21.8;
21.85;
21.9;
21.95;
22.0;
22.05;
22.1;
22.15;
22.2;
22.25;
22.3;
22.35;
22.4;
22.45;
22.5;
22.55;
22.6;
22.65;
22.7;
22.75;
22.8;
22.85;
22.9;
22.95;
23.0;
23.05;
23.1;
23.15;
23.2;
23.25;
23.3;
23.35;
23.4;
23.45;
23.5;
23.55;
23.6;
23.65;
23.7;
23.75;
23.8;
23.85;
23.9;
23.95;
24.0;
24.05;
24.1;
24.15;
24.2;
24.25;
24.3;
24.35;
24.4;
24.45;
24.5;
24.55;
24.6;
24.65;
24.7;
24.75;
24.8;
24.85;
24.9;
24.95;
25.0;
25.05;
25.1;
25.15;
25.2;
25.25;
25.3;
25.35;
25.4;
25.45;
25.5;
25.55;
25.6;
25.65;
25.7;
25.75;
25.8;
25.85;
25.9;
25.95;
26.0;
26.05;
26.1;
26.15;
26.2;
26.25;
26.3;
26.35;
26.4;
26.45;
26.5;
26.55;
26.6;
26.65;
26.7;
26.75;
26.8;
26.85;
26.9;
26.95;
27.0;
27.05;
27.1;
27.15;
27.2;
27.25;
27.3;
27.35;
27.4;
27.45;
27.5;
27.55;
27.6;
27.65;
27.7;
27.75;
27.8;
27.85;
27.9;
27.95;
28.0;
28.05;
28.1;
28.15;
28.2;
28.25;
28.3;
28.35;
28.4;
28.45;
28.5;
28.55;
28.6;
28.65;
28.7;
28.75;
28.8;
28.85;
28.9;
28.95;
29.0;
29.05;
29.1;
29.15;
29.2;
29.25;
29.3;
29.35;
29.4;
29.45;
29.5;
29.55;
29.6;
29.65;
29.7;
29.75;
29.8;
29.85;
29.9;
29.95;
30.0;
30.025;
30.05;
30.075;
30.1;
30.125;
30.15;
30.175;
30.2;
30.225;
30.25;
30.275;
30.3;
30.325;
30.35;
30.375;
30.4;
30.425;
30.45;
30.475;
30.5;
30.525;
30.55;
30.575;
30.6;
30.625;
30.65;
30.675;
30.7;
30.725;
30.75;
30.775;
30.8;
30.825;
30.85;
30.875;
30.9;
30.925;
30.95;
30.975;
31.0;
31.025;
31.05;
31.075;
31.1;
31.125;
31.15;
31.175;
31.2;
31.225;
31.25;
31.275;
31.3;
31.325;
31.35;
31.375;
31.4;
31.425;
31.45;
31.475;
31.5;
31.525;
31.55;
31.575;
31.6;
31.625;
31.65;
31.675;
31.7;
31.725;
31.75;
31.775;
31.8;
31.825;
31.85;
31.875;
31.9;
31.925;
31.95;
31.975;
32.0;
32.025;
32.05;
32.075;
32.1;
32.125;
32.15;
32.175;
32.2;
32.225;
32.25;
32.275;
32.3;
32.325;
32.35;
32.375;
32.4;
32.425;
32.45;
32.475;
32.5;
32.525;
32.55;
32.575;
32.6;
32.625;
32.65;
32.675;
32.7;
32.725;
32.75;
32.775;
32.8;
32.825;
32.85;
32.875;
32.9;
32.925;
32.95;
32.975;
33.0;
33.025;
33.05;
33.075;
33.1;
33.125;
33.15;
33.175;
33.2;
33.225;
33.25;
33.275;
33.3;
33.325;
33.35;
33.375;
33.4;
33.425;
33.45;
33.475;
33.5;
33.525;
33.55;
33.575;
33.6;
33.625;
33.65;
33.675;
33.7;
33.725;
33.75;
33.775;
33.8;
33.825;
33.85;
33.875;
33.9;
33.925;
33.95;
33.975;
34.0;
34.025;
34.05;
34.075;
34.1;
34.125;
34.15;
34.175;
34.2;
34.225;
34.25;
34.275;
34.3;
34.325;
34.35;
34.375;
34.4;
34.425;
34.45;
34.475;
34.5;
34.525;
34.55;
34.575;
34.6;
34.625;
34.65;
34.675;
34.7;
34.725;
34.75;
34.775;
34.8;
34.825;
34.85;
34.875;
34.9;
34.925;
34.95;
34.975;
35.0;
35.025;
35.05;
35.075;
35.1;
35.125;
35.15;
35.175;
35.2;
35.225;
35.25;
35.275;
35.3;
35.325;
35.35;
35.375;
35.4;
35.425;
35.45;
35.475;
35.5;
35.525;
35.55;
35.575;
35.6;
35.625;
35.65;
35.675;
35.7;
35.725;
35.75;
35.775;
35.8;
35.825;
35.85;
35.875;
35.9;
35.925;
35.95;
35.975;
36.0;
36.025;
36.05;
36.075;
36.1;
36.125;
36.15;
36.175;
36.2;
36.225;
36.25;
36.275;
36.3;
36.325;
36.35;
36.375;
36.4;
36.425;
36.45;
36.475;
36.5;
36.525;
36.55;
36.575;
36.6;
36.625;
36.65;
36.675;
36.7;
36.725;
36.75;
36.775;
36.8;
36.825;
36.85;
36.875;
36.9;
36.925;
36.95;
36.975;
37.0;
37.025;
37.05;
37.075;
37.1;
37.125;
37.15;
37.175;
37.2;
37.225;
37.25;
37.275;
37.3;
37.325;
37.35;
37.375;
37.4;
37.425;
37.45;
37.475;
37.5;
37.525;
37.55;
37.575;
37.6;
37.625;
37.65;
37.675;
37.7;
37.725;
37.75;
37.775;
37.8;
37.825;
37.85;
37.875;
37.9;
37.925;
37.95;
37.975;
38.0;
38.025;
38.05;
38.075;
38.1;
38.125;
38.15;
38.175;
38.2;
38.225;
38.25;
38.275;
38.3;
38.325;
38.35;
38.375;
38.4;
38.425;
38.45;
38.475;
38.5;
38.525;
38.55;
38.575;
38.6;
38.625;
38.65;
38.675;
38.7;
38.725;
38.75;
38.775;
38.8;
38.825;
38.85;
38.875;
38.9;
38.925;
38.95;
38.975;
39.0;
39.025;
39.05;
39.075;
39.1;
39.125;
39.15;
39.175;
39.2;
39.225;
39.25;
39.275;
39.3;
39.325;
39.35;
39.375;
39.4;
39.425;
39.45;
39.475;
39.5;
39.525;
39.55;
39.575;
39.6;
39.625;
39.65;
39.675;
39.7;
39.725;
39.75;
39.775;
39.8;
39.825;
39.85;
39.875;
39.9;
39.925;
39.95;
39.975;
